200 1000 20
33 78
76 116
153 130
99 162
52 182
107 15
120 79
30 41
161 117
65 9
126 165
125 158
162 62
119 34
60 181
192 139
119 129
109 43
131 79
120 193
33 148 52173
164 129 77290
52 141 29694
156 40 78648
115 27 29249
188 190 66061
108 48 25723
70 37 3842
181 37 86279
148 146 66883
72 85 17296
197 118 50924
160 9 77338
127 23 30758
85 178 234
166 135 38647
134 196 81531
8 92 92611
13 44 26079
91 180 40076
141 3 44352
190 168 82682
192 33 27795
186 177 74339
17 66 18576
103 32 5517
62 26 5202
153 127 26232
39 140 78064
87 115 74845
124 79 59022
155 42 95322
136 73 21583
173 39 86997
62 57 25493
110 6 21015
98 34 85740
6 185 41616
22 1 88214
15 146 93995
155 199 15957
26 9 63458
111 107 63364
81 113 5530
122 132 99511
113 182 87728
20 200 82541
89 29 47422
89 186 34395
92 46 99383
65 16 79446
92 115 28584
166 154 9297
35 2 6622
22 168 97299
184 161 3723
147 166 4014
16 126 42497
9 119 28240
102 93 24980
185 119 15127
139 102 35978
138 171 48753
73 17 22251
119 151 6345
35 165 52411
197 111 33272
170 106 20131
67 126 91432
63 131 93784
149 188 78664
44 68 73027
182 23 24963
194 145 44175
93 178 72236
138 79 85045
94 16 98307
83 115 29033
102 147 83904
117 18 49407
5 81 25686
165 37 57117
185 49 29291
151 84 97843
185 89 96821
186 125 91810
56 57 23571
183 181 16858
152 116 72313
42 126 61506
75 36 45752
97 97 65871
136 177 75474
27 84 39809
143 76 31068
79 5 55810
99 98 85646
41 27 34453
88 67 41218
121 158 30777
125 173 250
59 132 89302
49 157 74771
164 10 28949
64 102 30936
116 59 66512
177 112 31337
19 195 38301
81 70 2316
188 11 25848
200 170 4447
118 28 81281
171 141 23190
195 88 81263
45 72 46947
51 109 29359
135 36 68447
81 8 95223
70 189 90568
29 74 22298
24 62 91798
154 86 72490
145 11 6084
63 167 24186
4 19 5932
10 199 29076
123 55 63909
13 164 86793
29 103 88380
25 194 78637
70 46 75891
59 35 14628
175 100 55085
143 39 92693
162 77 15687
72 120 98676
183 141 84598
181 92 76173
31 45 1014
27 31 38959
98 124 92280
171 93 87854
69 138 18207
35 53 85244
148 198 8359
46 85 78799
1 153 52178
170 12 23257
76 59 5789
183 2 82054
11 74 57623
89 65 3864
2 156 58775
132 138 4919
180 171 9907
9 189 12385
62 50 31968
89 112 12590
112 86 13597
164 20 46270
96 130 43528
177 48 17932
114 66 5237
8 64 5505
139 76 19966
168 133 11786
79 23 75436
189 53 44583
90 152 91115
171 121 58682
115 196 29671
22 114 44970
45 20 28072
140 79 86051
93 6 343
65 22 56603
17 151 13606
155 81 19956
9 87 69907
90 52 58952
60 144 71038
33 12 5537
93 192 42956
156 44 95357
112 146 35196
74 40 99018
51 105 22285
180 86 21047
102 101 95302
61 31 52586
50 10 44796
156 182 12533
127 187 23443
11 69 51730
112 21 77869
161 196 86929
128 77 35648
96 13 1048
167 75 44308
57 48 29419
3 71 70793
149 190 26791
184 71 91026
68 166 86957
95 149 17519
11 21 97439
10 46 83082
141 137 64167
8 44 11749
184 160 14407
13 94 91037
13 142 50444
64 95 70472
156 98 9930
161 72 46348
191 36 24681
157 100 87810
175 141 93082
127 128 74940
95 99 41371
180 41 93498
122 9 82117
179 113 65533
66 82 31791
21 52 22698
166 67 67318
17 86 49550
65 131 97703
37 54 45268
151 34 97133
54 167 62601
171 45 55228
32 50 37107
36 190 84382
136 194 62838
91 30 50652
91 111 44916
9 133 88923
108 10 57898
28 2 84315
27 130 43953
116 44 99651
104 72 26354
115 133 90991
69 14 77219
104 67 17994
143 44 20496
112 94 21651
157 19 897
49 160 25632
87 170 71809
113 102 7393
35 11 62065
103 2 24617
114 6 30788
200 134 30317
125 146 21806
94 147 46356
1 127 54324
92 70 75359
164 177 35335
101 61 67388
179 179 93823
57 36 28122
177 128 80793
71 143 85838
116 172 17186
61 41 57430
29 40 69826
97 135 77399
27 143 69115
187 130 87644
131 3 61004
187 79 3417
197 73 43031
97 25 97505
26 88 24210
164 183 10073
128 84 19006
82 23 99342
106 90 20265
40 65 9736
76 80 68318
186 180 46468
148 97 76917
107 84 35520
79 154 26540
30 19 4976
73 52 87700
196 96 70009
93 140 10579
46 74 61914
160 71 13926
70 15 9738
80 19 25060
49 103 39922
187 130 89491
129 195 54672
85 42 32912
3 112 48892
43 56 60650
55 160 30681
160 22 21613
45 38 73640
136 50 21109
38 81 48065
116 109 95155
187 13 45425
1 38 25033
117 109 12932
174 54 14752
116 41 32118
73 191 90514
80 171 49845
120 37 59890
105 186 15226
61 26 29706
93 59 28260
195 61 95451
91 57 65777
165 93 23934
154 62 86902
122 67 41693
54 59 79512
7 114 35246
129 27 71213
138 101 20806
179 51 55956
61 84 4780
87 190 41890
142 111 81383
33 169 6944
40 90 60371
142 109 74264
47 61 72096
125 121 17237
151 10 91749
178 107 42148
133 184 94702
26 182 58361
122 79 9145
28 96 76205
95 105 75111
115 34 65631
146 142 55921
93 95 85905
25 30 22621
157 33 20288
93 71 82387
154 33 81038
161 62 40302
140 86 38638
38 195 76544
68 28 94560
12 41 58381
83 38 43694
158 161 84016
44 81 384
82 9 34380
66 139 74209
32 4 58861
138 122 15856
145 9 46111
134 19 59274
42 185 59005
113 162 16808
143 11 16047
70 62 68990
174 140 569
16 96 51354
136 114 74691
64 120 32443
105 182 44610
107 199 12545
20 132 53369
169 118 66462
174 14 83517
131 20 84743
92 107 99759
77 119 58080
87 146 29797
82 178 57752
116 115 51143
194 165 7745
198 131 77735
15 143 93083
179 64 4803
176 103 39071
19 18 23924
6 136 31612
149 104 16769
179 198 72850
7 55 7856
197 85 68143
58 36 41092
79 54 75610
65 87 23682
56 138 96673
142 21 71779
173 118 1935
108 108 7392
10 16 80508
43 176 45592
134 79 74012
93 38 76661
26 181 57673
27 163 83997
81 117 43913
136 51 74394
177 54 56239
31 107 5382
21 11 79919
19 72 75922
112 30 84867
117 15 36176
117 82 42850
57 62 84619
81 52 15799
84 61 73193
91 20 22315
119 52 21506
87 79 25014
68 137 53506
93 30 81632
71 163 33374
145 40 48260
28 187 89649
19 157 71617
140 9 83092
14 8 65918
5 53 55993
162 165 62272
4 84 61001
49 168 81059
117 62 43068
136 136 108
96 115 365
99 32 10002
34 53 16014
180 196 70113
48 96 27901
22 55 98159
23 74 22985
200 98 21682
22 150 17143
51 11 9215
90 13 35819
58 146 83722
175 166 96016
7 195 35443
148 144 89787
184 106 85785
181 145 72153
57 77 62361
197 158 88927
129 140 1351
21 160 38109
134 79 93059
10 166 12789
32 32 43180
84 146 73475
95 194 93360
63 120 88980
96 135 88831
185 36 23631
27 85 97449
119 155 11422
89 168 72255
95 107 30858
21 161 17944
165 30 14444
172 85 74398
59 128 16342
194 19 46118
68 145 63300
64 159 23473
12 78 52468
54 113 44307
14 100 12240
138 100 59317
81 2 1046
28 12 11847
134 94 77273
70 131 51876
97 63 61005
194 125 50515
85 18 75284
84 105 58485
59 128 27675
27 136 68133
81 137 59836
33 64 2546
165 20 60272
109 178 6972
142 39 85001
81 84 39734
167 8 27144
68 166 61882
86 103 60091
62 74 72268
147 81 36107
165 183 67148
14 62 5384
131 7 38098
155 114 35353
157 134 55284
157 47 86435
4 146 53231
95 143 86377
64 114 90414
133 149 37935
98 197 58526
53 179 64606
190 105 5301
168 2 9588
140 197 67910
195 85 691
126 22 59176
76 191 33967
2 191 22324
177 192 23062
2 41 30513
76 95 8464
136 31 41034
58 171 75662
66 61 48033
17 82 49116
148 192 41946
116 55 54254
148 43 57664
28 95 53689
18 120 53062
154 1 5261
39 186 83123
114 23 40857
15 33 50888
50 5 14041
166 158 55805
119 116 69308
168 122 52052
86 174 24365
39 28 98430
192 13 54942
47 105 42900
176 111 56559
77 100 86258
185 1 40451
146 195 99644
45 161 5902
33 88 2384
76 11 78925
174 42 23336
179 3 26262
61 112 45877
187 158 48058
117 108 76820
174 133 69422
152 167 27038
150 112 42973
111 15 6292
188 146 17172
46 68 88567
143 23 36947
7 58 73233
114 63 80078
4 17 26006
184 178 67765
141 62 81610
24 153 96070
49 80 46640
141 29 35453
59 93 82014
63 64 54304
23 73 51057
91 58 13045
22 6 65201
197 179 63263
114 169 65119
10 49 51222
107 32 53378
72 82 18137
98 118 69127
51 159 63229
141 94 33267
54 194 43684
176 96 2024
129 107 75753
96 10 98764
132 16 95157
30 173 16936
74 9 43075
31 54 68000
122 12 99125
177 167 37167
72 174 59866
151 18 13742
78 125 30045
34 199 87438
12 36 82363
123 138 86299
44 116 95988
189 65 17994
3 185 76297
137 18 92427
80 75 70384
170 145 32763
3 107 95376
196 5 71990
90 12 84897
143 115 9083
152 86 61977
29 192 54304
117 36 89459
126 181 68234
168 119 39558
169 24 87266
42 190 7136
169 111 46640
18 174 65273
200 191 4515
8 59 9626
43 45 16139
161 142 14847
79 136 17033
9 125 35393
92 166 61320
143 9 44313
82 152 11468
56 131 96052
51 154 1632
188 79 37066
195 3 74740
29 145 86175
63 158 39790
97 118 80805
100 26 71170
36 106 28176
169 7 42376
167 24 11980
145 24 42472
38 144 30930
58 93 13102
6 49 49142
59 66 81595
93 10 69332
124 76 53873
17 106 60715
171 26 3952
77 122 434
44 90 76621
199 64 1653
126 27 68444
66 33 69919
22 24 45134
54 51 52187
160 131 26213
176 90 2756
76 26 32571
82 86 50022
51 169 66547
26 95 65853
26 2 22557
5 33 94360
36 118 65229
115 83 25125
51 38 4744
97 47 78727
8 8 9368
45 11 98994
19 184 34767
134 55 67291
75 192 22593
183 66 52848
148 148 48002
146 156 25188
47 96 69094
149 109 67448
35 49 90261
12 160 75225
57 144 44704
114 137 48615
146 114 79759
13 65 53798
41 69 47484
36 29 51850
100 68 26553
62 101 89312
69 200 29330
138 107 98479
142 14 53187
87 167 56903
127 144 60742
110 137 33509
55 44 13268
122 120 45076
132 47 35677
52 66 51955
6 83 83920
7 88 67746
151 46 70359
71 25 55179
94 87 41009
149 120 25952
200 5 1469
143 164 95379
154 158 33031
33 47 75910
30 39 38560
143 166 44384
107 60 78983
62 150 32552
69 146 522
81 2 33622
35 30 76782
20 132 13919
146 183 56167
33 171 54267
68 15 89202
127 82 50392
143 84 21013
32 26 16497
45 53 6162
179 44 29241
81 17 21940
149 28 27950
159 171 33840
179 119 15198
173 54 27007
151 182 35622
87 130 94768
172 138 78858
92 16 90136
35 115 27162
16 78 41378
64 3 73487
31 68 82535
185 29 12877
1 59 47758
35 162 47576
194 18 578
127 144 59822
101 184 55685
33 118 16991
138 75 14739
152 110 49544
57 152 56134
40 49 70824
150 118 73622
38 3 51506
175 41 21330
167 1 63529
88 196 65869
102 43 77005
99 10 6087
137 169 57162
108 39 41987
192 73 6611
165 113 78155
15 147 95810
145 32 71558
187 56 2338
180 71 64023
87 76 38891
146 39 3635
175 87 65124
76 47 42604
38 97 43891
96 32 93259
31 54 9349
28 98 19333
22 176 92209
198 87 93622
17 181 93093
191 182 99333
136 44 29992
120 85 73091
19 12 87267
61 59 73576
8 32 51886
82 184 25707
32 116 81454
87 81 94544
68 200 99289
82 184 58935
197 177 92243
190 105 20150
57 29 74661
185 19 90476
4 57 20474
34 150 15430
85 102 34407
44 179 19252
99 134 78427
120 38 86194
5 186 21300
132 36 20367
71 114 13140
38 34 7548
48 43 65653
105 123 84433
66 113 3407
123 183 37855
81 72 51443
176 36 83296
12 36 93266
46 47 50663
140 8 46895
161 151 55575
158 45 23569
131 5 78201
82 53 63850
139 169 11360
40 144 65359
34 151 49814
123 142 89772
173 191 20661
146 149 32933
40 66 42704
122 161 93599
81 146 71750
105 27 94455
140 157 66695
41 64 51258
3 100 74027
92 132 19181
85 165 16429
71 138 29177
92 2 75536
16 177 9761
152 7 99844
78 14 79225
140 179 7501
59 164 81637
118 51 58601
158 54 6927
140 134 53016
31 92 78632
80 1 60420
197 71 92174
156 90 34695
20 189 61498
185 50 84021
177 126 19621
195 44 25173
86 35 78483
84 73 59799
15 198 1663
158 57 96701
122 44 61770
97 44 64606
49 24 31381
139 13 68439
88 112 1652
68 166 9207
34 92 66433
25 200 73919
195 191 27929
36 123 59604
145 117 14628
160 167 28337
95 36 91775
79 123 21639
24 13 39400
177 187 63779
77 89 6343
6 102 99071
79 134 80827
195 57 11741
36 40 50309
163 38 91094
86 85 39679
139 76 26039
195 198 18002
183 83 72770
83 124 45560
62 143 94981
77 188 34034
60 3 95003
41 164 83122
29 71 95098
150 106 66374
117 7 9269
15 79 81585
191 17 26537
48 155 30545
182 109 46984
118 155 57052
60 116 58872
21 3 29506
167 32 95391
80 78 14453
59 163 83337
95 1 56410
91 56 73215
172 76 58859
144 87 89914
157 53 24758
25 137 79499
91 124 23327
160 19 30046
11 64 81190
175 46 12063
187 67 24851
108 190 44609
47 14 396
112 179 87835
45 160 41726
101 193 91782
9 36 19803
15 32 7884
85 160 44509
191 16 16799
179 170 47713
58 20 31007
118 59 30495
98 180 74223
166 190 85085
166 73 85730
99 5 30839
186 33 30894
140 6 87370
12 127 28508
45 102 76655
156 134 60046
105 164 47860
75 193 13858
173 72 79084
27 76 42018
115 151 36538
10 40 79524
196 41 79973
152 87 3078
71 106 1397
90 186 54381
30 58 47140
8 179 85297
188 190 95315
198 141 56125
185 104 90848
31 152 81701
17 71 74088
187 36 52157
68 74 34673
126 102 5978
23 147 85688
21 122 80951
138 86 97914
143 63 16831
28 164 64405
155 192 4733
178 72 41340
120 152 98967
68 109 13604
82 49 5203
84 67 59222
29 191 96901
114 190 81428
175 161 60074
180 176 66892
72 72 43873
140 177 28957
200 56 48063
108 38 97915
32 32 86675
53 75 32015
64 188 9583
88 9 79534
98 71 47124
69 65 25899
195 134 12767
61 61 10297
68 12 17409
114 9 7120
141 11 95186
17 143 95231
61 73 49808
17 156 61042
107 67 21224
175 171 87419
9 67 87254
51 2 1384
189 45 3129
200 114 362
110 135 62746
121 100 19647
84 50 93369
158 58 29078
125 187 4245
91 102 75343
129 97 83492
132 53 22405
112 144 93610
125 179 87086
136 22 54303
89 135 80161
144 193 63640
38 138 95269
40 26 39585
13 173 27575
151 134 94344
